32
16
18
15
19
52
115
165
266
492
640
985
1486
1734
2183
2357
2701
3329
4261
5274
4396
3829
3676
3715
3666
3831
3627
3802
3755
3107
2693
2173
1954
2036
1888
1805
1820
1777
1899
2125
2464
3026
3083
3258
3172
2718
2455
2384
2250
2213
2281
2454
2830
2682
3019
3110
3293
3092
2925
2789
3032
2665
3205
3428
3517
3909
3821
3867
4137
4343
4632
4448
4209
3713
3230
2883
2466
2512
2467
2565
2789
3086
3009
2707
2546
2323
2528
2464
2550
2233
2096
1975
1825
1807
1851
1795
1728
1726
1693
1656
1630
1597
1631
1365
1396
1367
1388
1491
1407
1331
1292
1291
1323
1266
1314
1276
1240
1236
1269
1444
1711
1827
1732
1581
1330
1351
1221
1278
1316
1407
1446
1433
1438
1403
1395
1514
1462
1607
1611
1741
1841
1751
1799
1645
1568
1486
1381
1263
1151
1021
1024
923
896
903
944
915
818
774
800
761
802
686
684
654
615
655
603
662
586
686
759
707
713
724
653
775
762
810
712
751
672
762
817
884
764
791
758
733
718
669
600
520
508
504
459
517
498
566
561
558
498
500
497
462
439
514
461
499
452
429
452
453
479
442
395
455
453
480
391
355
400
489
513
470
487
449
641
699
715
847
957
761
696
607
650
979
1053
1084
571
459
574
540
392
494
310
251
229
262
283
309
304
359
310
300
258
464
0
0
0
1
1
1
1
6
14
15
25
45
112
250
685
1047
1625
1585
1979
2437
3447
4176
5001
5409
5459
6863
5474
4453
3575
3064
2944
2540
2455
2452
2383
2340
2386
2102
1905
1798
1811
1754
1866
1997
2006
2057
1957
2004
2089
2052
2271
2243
2457
2646
3067
3320
4674
4189
3543
3402
3127
3079
2914
3012
3441
3890
4171
3633
3366
3169
3025
2822
2814
2859
2747
2629
2173
2049
2230
2173
2054
2004
2270
2328
2620
2721
2098
2041
1829
1714
1722
1793
1748
1731
1572
1628
1407
1288
1271
1353
1265
1408
1309
1216
1275
1375
1161
1404
1463
1339
1322
1339
1317
1355
1335
1345
1418
1323
1247
1206
1105
1077
1173
1196
1261
1163
1222
1216
1216
1116
1118
1251
1213
1164
1212
1312
1253
1298
1258
1330
1420
1478
1543
1389
1367
1312
1350
1299
1269
1305
1375
1446
1401
1530
1712
1796
1945
1922
1864
1876
1689
1664
1543
1480
1377
1366
1348
1326
1161
1119
1119
1086
1061
1115
1042
989
1009
1029
944
890
842
906
960
902
785
776
775
735
838
892
931
958
1104
1051
913
948
959
909
965
1016
951
956
898
801
862
874
834
723
673
693
677
688
754
653
655
648
623
652
656
581
634
633
600
579
680
757
846
912
971
910
991
842
750
597
628
628
676
881
981
1207
960
631
209
163
70
67
72
107
116
153
225
382
488
725
992
1213
0
0
0
0
0
0
0
0
0
0
0
1
3
2
5
14
22
30
66
153
291
465
726
976
1250
1674
2045
2200
2092
2554
3123
3646
3914
3789
3561
3130
2908
2975
3050
3192
3089
3195
3667
3459
3585
3770
3952
3870
4285
2830
2242
2020
2369
2875
3458
3885
3847
3274
2871
2494
2221
2104
2474
2647
2924
3234
3575
3787
3923
3780
4107
3690
3850
4128
3739
3100
2426
2085
1987
2065
2002
1955
1987
1945
1941
1944
1889
2050
1886
1711
1982
1485
1381
1408
1559
1575
1651
1596
1707
1388
1257
1229
1190
1118
1145
1104
1070
936
906
875
831
929
951
973
931
886
960
1006
940
1014
1031
1056
1147
1188
1168
1115
1017
1130
1040
1110
1209
1244
1131
1144
1006
918
877
895
823
836
816
871
884
955
998
895
853
843
808
802
796
898
877
895
843
867
894
895
997
994
944
1125
1189
1443
1282
1277
1278
1220
1243
1265
1439
1492
1489
1439
1525
1507
1611
1591
1552
1573
1574
1544
1581
1586
1562
1551
1565
1502
1515
1495
1527
1579
1600
1608
1553
1671
1731
1727
1710
1589
1574
1570
1544
1570
1593
1557
1608
1576
1619
1622
1598
1543
1454
1434
1385
1397
1412
1476
1513
1520
1545
1599
1751
1861
1947
1877
1744
1614
1488
1646
1644
1673
1426
1242
665
351
138
138
129
96
92
103
88
86
89
112
172
187
184
339
449
478
573
684
668
1304
261
81
98
105
128
134
155
182
193
220
278
260
297
322
347
307
351
352
420
443
500
579
569
560
622
637
600
626
616
645
689
709
702
775
790
794
788
899
1006
1012
1030
1044
1077
1097
1171
1236
1267
1359
1546
1530
1595
1560
1648
1656
1561
1578
1560
1498
1492
1416
1489
1507
1494
1514
1460
1524
1438
1489
1458
1483
1565
1604
1637
1704
1722
1725
1772
1638
1636
1630
1560
1503
1477
1424
1392
1385
1406
1398
1443
1435
1535
1504
1525
1601
1559
1602
1727
1719
1700
1797
1833
1898
1993
2011
2223
2227
2178
2201
2365
2263
2380
2407
2322
2241
2186
2262
2232
2341
2282
2265
2330
2318
2519
2431
2540
2638
2718
2678
2768
2776
2930
2837
2883
3017
3013
2950
2992
2952
3059
3026
3050
3044
3186
3112
3275
3321
3313
3531
3443
3341
3129
3218
3238
3060
3376
3343
3531
3506
3724
4143
4007
3993
3631
3838
3281
2814
2430
2195
1708
1650
1680
1659
1607
1413
1437
1359
1253
1331
1336
1291
1312
1231
1193
1140
1144
1190
1229
1142
1150
1151
1086
1039
1055
1102
1060
985
993
986
939
953
995
1034
921
1031
980
964
973
1058
1143
1346
1389
1277
1210
1274
1338
1205
1203
1105
1136
1192
1186
1167
1005
986
903
857
936
1056
1203
1232
1151
1351
1156
1122
961
809
763
828
768
616
625
562
621
670
472
270
225
217
266
149
141
120
87
27
0
2
54
31
53
54
94
120
126
191
195
219
212
218
225
237
282
289
335
346
370
381
426
448
471
443
485
485
491
516
525
521
504
514
502
537
520
618
617
644
592
693
714
733
839
858
863
872
950
979
1110
1178
1218
1365
1298
1293
1403
1398
1369
1486
1458
1436
1444
1400
1362
1362
1372
1315
1337
1326
1252
1354
1284
1253
1388
1396
1383
1451
1531
1624
1626
1731
1843
1889
1943
1859
1741
1701
1534
1600
1536
1505
1458
1422
1445
1426
1485
1436
1360
1309
1268
1343
1398
1331
1286
1341
1355
1408
1428
1410
1367
1512
1625
1669
1696
1799
1844
1853
1987
1994
1991
2003
2056
2106
2090
2075
2056
2179
2138
2242
2229
2098
2112
2073
2155
2246
2200
2282
2312
2407
2236
2289
2335
2361
2249
2468
2500
2475
2390
2413
2391
2410
2394
2339
2387
2408
2272
2180
2283
2245
2265
2285
2293
2284
2288
2389
2313
2417
2667
2589
2537
2759
2818
2936
3101
2992
3578
3646
3775
3952
3960
3919
3694
3518
3423
3603
4330
5163
4214
3803
2851
2375
2053
1875
1800
1698
1616
1529
1457
1447
1504
1491
1554
1550
1477
1465
1409
1379
1496
1377
1328
1518
1575
1664
1633
1491
1521
1436
1378
1367
1311
1289
1306
1371
1323
1350
1334
1439
1409
1558
1712
1863
1428
1260
1077
904
948
827
771
650
738
990
1031
724
556
216
206
164
130
12
1
1
0
0
0
0
0
0
21
4
10
18
23
33
38
73
96
117
134
131
169
172
223
213
239
236
225
266
316
295
305
324
369
401
426
377
448
465
427
443
438
430
467
449
520
494
523
535
593
586
584
583
626
637
620
669
588
669
696
752
778
868
852
939
1048
1106
1131
1150
1211
1098
1067
1016
1072
992
954
947
978
928
972
1025
1006
1093
1101
1097
1152
1224
1240
1175
1287
1318
1371
1454
1536
1578
1526
1470
1506
1398
1462
1412
1447
1342
1416
1244
1383
1273
1344
1241
1317
1296
1304
1291
1256
1148
1210
1183
1109
1187
1173
1147
1236
1091
1227
1212
1202
1206
1278
1241
1254
1278
1333
1409
1356
1507
1609
1565
1570
1605
1632
1742
1885
1829
1914
1974
1889
1948
1953
1976
1949
2036
1933
2020
1924
1908
1966
2103
2020
2097
2074
2156
2138
2238
2152
2086
2135
2106
2205
2202
2159
2285
2192
2257
2475
2481
2549
2550
2655
2695
2782
2731
2709
2659
2562
2607
2387
2473
2485
2427
2555
2418
2481
2427
2387
2542
2521
2539
2479
2582
2578
2654
3088
2963
3066
2864
2900
2999
2977
3299
3475
3718
3832
3828
3838
4238
4401
4172
4396
4592
4819
4801
4227
3827
3294
3153
3213
3104
3061
3124
3142
3333
3496
3614
3190
2682
2322
2073
1656
1478
1379
1060
1058
712
490
418
175
64
23
19
20
16
11
10
9
6
10
5
10
6
4
3
6
3
6
25
0
0
0
0
0
0
0
0
0
0
0
0
0
0
0
1
0
2
1
4
9
20
29
36
45
53
66
71
61
68
68
85
85
72
94
97
120
197
310
473
576
622
734
1053
1663
2675
2761
2379
2455
3147
4425
3856
3645
3275
3066
3195
3196
3769
4329
5263
6935
6821
6361
2666
1457
857
623
551
490
565
525
512
503
476
465
399
414
372
394
392
400
358
387
413
481
588
734
906
1039
975
1011
1078
1083
1234
1167
1155
1189
1244
1343
1318
1401
1509
1468
1589
1692
1765
1812
1901
1973
2174
2113
2143
2181
2261
2271
2410
2780
3082
3047
3122
3237
3392
3486
3239
3508
4044
4271
4295
4111
3976
3960
4404
4270
4723
4698
4365
4331
3954
4102
4448
4547
4058
4002
3937
4868
4780
5038
5891
6796
6810
6241
6001
4947
4841
4714
4450
4392
4522
3969
3610
3462
3700
3871
3948
3288
2447
1917
1611
1244
884
753
587
535
530
509
563
516
568
499
471
477
479
449
410
349
327
381
362
356
380
352
309
251
268
259
274
281
316
313
327
308
318
302
316
366
338
347
420
446
502
658
686
853
870
679
784
1015
799
767
763
755
609
516
578
637
770
966
963
838
1033
483
273
56
4
4
1
0
0
0
0
0
0
0
0
0
0
0
0
0
0
0
0
0
0
0
0
0
0
0
0
0
0
0
0
0
0
0
0
0
0
0
0
0
0
0
1
1
2
4
9
20
24
30
42
54
57
65
58
64
71
75
67
84
106
123
232
243
265
357
555
817
1278
2214
2976
2838
2357
2669
3732
3604
3498
3506
3376
3380
3319
3879
5566
7643
8149
7909
3308
2012
1241
899
627
600
674
738
682
772
748
755
775
751
849
758
714
790
812
840
812
820
818
808
818
826
831
903
975
1041
958
953
1018
930
909
1041
1118
1039
1222
1318
1111
1169
1142
1151
1167
1131
1238
1297
1287
1288
1397
1567
1755
1880
1694
1691
1918
1786
1886
1881
1873
1712
1828
1792
1701
1787
1778
1836
1884
2095
2104
2076
2119
2277
2335
2416
2321
2532
2808
2720
2847
2886
3013
3314
3167
3112
3092
3079
3077
3352
3495
3406
2914
2885
3136
2978
3030
3103
2769
3057
2906
2634
2664
2731
2786
2842
2824
2729
2741
3476
3478
3193
3532
3708
3863
4995
4934
5387
5053
4450
4885
4128
3802
3327
3730
3781
3888
3247
2825
2403
2036
1648
1641
1471
1057
908
740
789
748
721
738
630
515
461
455
484
451
491
532
655
842
875
919
836
664
707
849
887
988
780
616
650
723
903
874
964
1053
885
983
638
515
421
103
37
7
4
0
0
0
0
0
0
0
0
0
0
0
0
0
0
0
0
0
0
0
0
0
0
0
0
0
0
0
0
0
0
0
0
0
0
0
0
0
1
0
1
0
1
1
4
12
22
27
32
48
56
60
66
63
70
82
80
121
125
177
272
408
510
637
1068
1753
2206
2043
2374
2654
3077
3686
3830
4172
3499
3300
3701
5350
7892
8105
8200
4297
3005
2082
1407
1003
834
745
676
564
525
505
484
446
441
417
450
415
395
368
368
342
374
330
326
324
301
307
272
269
294
259
236
245
239
242
208
250
216
215
241
201
220
214
200
194
178
196
187
215
249
242
297
293
289
262
333
396
346
399
403
448
462
457
456
425
408
429
546
542
612
692
854
1066
1259
1298
1442
1422
1589
1566
1479
1666
1749
1753
1795
2037
2190
2137
2060
2021
1995
2222
2077
2124
2356
2302
2371
2551
2778
3015
3134
3615
3695
3522
3612
3445
3545
3526
3431
3534
3561
3616
3647
3887
3497
3017
2861
2784
2524
2643
2723
2639
2893
3055
2655
2574
2499
2429
2419
2361
2569
2894
2718
2678
2873
3183
3337
3558
3408
3314
3534
3376
3555
3802
3908
3848
3648
3520
3714
3892
4207
4665
5556
5287
5095
5044
3963
4305
4060
3605
3121
3007
2635
2558
2142
1847
1940
1573
1320
1325
873
721
308
169
76
22
7
6
4
9
10
0
0
0
0
0
0
0
0
0
0
0
0
0
