21
4
10
18
23
33
38
73
96
117
134
132
172
174
228
227
261
266
291
419
608
760
1032
1300
1620
2076
2475
2589
2562
3046
3582
4137
4408
4279
4094
3642
3498
3551
3653
3848
3807
3958
4523
4450
4721
5044
5640
6292
7079
5542
5312
5426
6224
7429
8140
8996
8394
7680
7703
8994
11324
11307
11741
7960
7001
6308
5936
5737
5735
5453
5755
5279
5381
5726
5324
4643
4019
3726
3677
3655
3684
3641
3726
3741
3851
3852
3741
3844
3693
3416
3716
3166
3122
3009
3211
3064
3273
3111
3259
2879
2790
2740
2735
2610
2621
2466
2480
2313
2193
2258
2191
2291
2436
2306
2455
2391
2451
2474
2551
2651
2631
2733
2883
3045
2986
3079
3082
3120
3018
3144
3387
3528
3628
3665
3774
3958
4025
4141
4218
4234
4354
4473
4296
4641
4671
4556
4614
4983
5018
5036
4930
5075
5010
5355
5072
5077
5385
5303
5573
5747
5881
6425
6515
7315
7452
7280
7439
7215
7443
7486
7652
7757
7759
7714
7734
8001
7495
7081
6898
6784
6653
6605
6785
6652
6842
7148
6741
6615
6493
6506
6524
6594
7257
7465
7337
7213
7504
7909
8024
8446
8457
8602
8910
8774
8986
9597
9917
9596
9663
9734
10131
10236
9888
9926
10235
9837
9720
9624
8537
8949
8747
8537
8368
8482
7772
7117
6208
5534
5084
4697
4343
4058
3357
2675
1463
938
389
224
159
121
116
128
109
96
98
118
182
192
194
345
453
481
579
687
674
1329
54
31
53
55
95
121
127
197
209
234
237
263
337
487
967
1336
1960
1931
2349
2819
3874
4626
5476
5861
5964
7372
5995
5011
4154
3642
3513
3112
3021
3060
2978
3025
3087
2852
2620
2723
2768
2752
3062
3410
3686
4207
5121
5959
6037
5587
6158
7340
7359
7437
7976
8094
9423
8994
8880
10404
12214
12628
12185
7682
6825
6446
6407
5586
5218
5197
5047
4757
4974
5003
4885
4855
4455
4522
4614
4618
4687
4705
5053
4999
5181
5240
4440
4459
4191
4050
4083
4190
4234
4115
4010
4082
3697
3506
3580
3814
3702
3961
3913
3668
3799
3925
3740
3981
3961
4089
4244
4295
4301
4551
4746
4953
5285
5011
4929
5127
4947
5069
5144
5144
5029
5170
5152
5159
5232
4992
5066
5208
5463
5514
5488
5713
5842
6040
5910
5940
6287
6647
6512
6704
6753
6800
7054
6879
6772
6807
6848
6862
7140
7433
7390
6890
7113
7303
7107
7191
7085
6717
6888
6775
6324
6447
6746
6701
6540
6702
6666
6763
7638
7585
7813
8167
8492
8844
9899
9743
9923
9477
8833
9390
9243
9741
8316
8268
7470
7155
6231
5658
5307
4785
4177
4118
3887
3413
3377
3247
3294
3254
3096
3004
2901
2768
2791
2555
2485
2662
2743
2884
3042
2986
3051
3003
2837
2683
2674
2719
2827
2992
2703
2545
2664
2919
3158
3344
3647
3826
3304
3085
2465
2016
1997
1558
1484
1538
1723
2197
1991
1355
765
379
276
231
202
119
117
154
225
382
488
725
992
1213
293
97
116
120
147
186
270
347
459
712
918
1245
1783
2056
2530
2665
3052
3683
4682
5721
4905
4428
4274
4311
4333
4521
4293
4499
4432
3820
3450
2967
2741
2883
2772
2696
2728
2873
3215
3610
4070
4692
4894
5408
6006
6629
6483
6122
6251
6890
8301
7870
8123
7613
7646
7883
8049
8359
8746
9468
11456
10993
11060
7608
6434
6290
5882
5907
6085
6391
6722
6564
6349
5893
5417
5007
4652
4522
4497
4587
4749
4947
4873
4544
4419
4296
4668
4768
5032
4643
4642
4557
4433
4642
4577
4552
4644
4689
4736
4771
4864
5004
5092
4965
5311
5359
5378
5593
5745
5768
5785
5841
5826
5768
5771
5948
6252
6659
6598
6831
7278
7537
7737
7251
7378
8033
8210
8251
8195
8159
8336
8674
8591
9143
9106
8829
8785
8513
8772
9215
9438
8853
8987
8694
9711
9587
9732
10685
11390
11172
10394
10142
9081
8804
9034
8708
8741
8802
8493
8514
8271
8379
8186
8440
7184
5916
4950
4468
3538
3220
3192
2953
2855
2667
2599
2697
2531
2709
2547
2513
2461
2472
2459
2434
2257
2308
2368
2237
2224
2200
2038
1868
1814
1874
1778
1776
1772
1868
1813
1838
1801
1852
1720
1809
1785
1816
1781
1977
2041
2277
2499
2416
2542
2586
2412
2444
2671
2384
2294
2310
2341
2265
2034
2034
2027
2076
2543
2718
2756
3112
2591
2385
1908
1733
1615
1789
1816
1912
1339
1075
1199
1102
1013
1164
782
521
454
479
549
458
445
479
397
327
258
466
